BCRepDisp(cm), BCRepAcc(g)
-1.099009607409564815e+01,-1.141515208204891163e+00
-1.097577027347320744e+01,-1.120473537413737786e+00
-1.088830113187309045e+01,-1.089565748736987860e+00
-1.072412062578828973e+01,-1.054989038020750947e+00
-1.047912556784166505e+01,-1.019841223706795308e+00
-1.014894376263019282e+01,-9.827851476680382614e-01
-9.824045812060614224e+00,-1.146121265967958713e+00
-9.812044214829450439e+00,-1.133046297310056794e+00
-9.710706607814870495e+00,-1.103126417420304595e+00
-9.530708851041051588e+00,-1.062855041083734742e+00
-9.282383967057020513e+00,-1.016010935358856893e+00
-8.974415071003042144e+00,-9.631600097399732885e-01
-8.613152998553832873e+00,-9.045157279462779920e-01
-8.478290907594509207e+00,-1.144209346228522106e+00
-8.363217242859260381e+00,-1.134827015344764378e+00
-8.211656042473371997e+00,-1.245777954477506277e+00
-8.197393808189426423e+00,-1.293719911014209245e+00
-8.123429437469750880e+00,-1.330248798525724752e+00
-7.983317022343157099e+00,-1.353300584532433959e+00
-7.770515825299892931e+00,-1.360825914845781970e+00
-7.479645688700608197e+00,-1.350641572991611472e+00
-7.107689595941999450e+00,-1.321229740083618154e+00
-6.654979693825523235e+00,-1.271963558061310451e+00
-6.125860872904722143e+00,-1.202526714447897493e+00
-5.528812892815829549e+00,-1.112748092964787494e+00
-4.876585045973798493e+00,-1.002325538992123954e+00
-4.186813958571838690e+00,-8.697198040717449841e-01
-3.483502125362464952e+00,-7.108006486495093146e-01
-2.890917042780635438e+00,-1.108462799457386350e+00
-2.841328765472137086e+00,-1.109098915899263904e+00
-2.743711297899904533e+00,-1.087386530113401140e+00
-2.610624600348057545e+00,-1.043473186093600402e+00
-2.462646256561258795e+00,-9.774120202790530509e-01
-2.337570052011641142e+00,-8.863410237880078313e-01
-1.401014980869023097e+00,-2.526117365417908101e-01
-1.393506687027624702e+00,-2.482672318416854207e-01
-1.375523206281556332e+00,-2.415402610816812512e-01
-1.349168116187993149e+00,-2.329086764323245462e-01
-1.316111349590284085e+00,-2.226382945225554855e-01
-1.277425938439647135e+00,-2.109413673184491189e-01
-1.233535236097696552e+00,-1.976792639746502711e-01
-1.184204576066240522e+00,-1.823081209803216196e-01
-1.128697037831266847e+00,-1.642093077460880512e-01
-1.104459653997894808e+00,-2.044949417703112449e-01
-1.099091524026679423e+00,-2.025251425048779919e-01
-1.081127672351482438e+00,-1.958308411751716882e-01
-1.049917661793966062e+00,-1.844342485972392809e-01
-1.005160129334570884e+00,-1.684466651714563723e-01
-9.850993387130663193e-01,-1.965932938955810561e-01
-9.842082057047372157e-01,-2.033729052190605957e-01
-9.720624386892537938e-01,-2.042950212668698251e-01
-9.668616586326096440e-01,-1.966047126034179970e-01
-9.499020148478054537e-01,-1.843786658147840984e-01
-9.210131187529717600e-01,-1.679788760514936696e-01
-8.819665106983640701e-01,-1.478279738940820043e-01
-8.360661391399228926e-01,-1.239696260687562501e-01
-7.877240367899520646e-01,-9.625948778160402231e-02
-7.419883948136712926e-01,-6.425581673723254617e-02
-7.039602569371891105e-01,-2.675908951051438056e-02
-6.780056283181520316e-01,1.792676909709470245e-02
-6.666630508129386401e-01,7.112665620318409099e-02
-5.178118575433945381e-01,-2.037893776694740117e-02
-4.902812809959112839e-01,-1.974233526585366383e-01
-3.831672740853236392e-01,-1.125028460730821550e-01
-3.823204009867296471e-01,-1.104910711170070531e-01
-3.723518800104922977e-01,-1.053960849933729405e-01
-3.711795468627696604e-01,-9.419251419608534737e-02
-3.685567408889617869e-01,-9.511381152684972307e-02
-3.625924519241240374e-01,-9.485416736612961586e-02
-3.536255717000565957e-01,-9.354647220539352714e-02
-3.421091706004162347e-01,-9.134822307352506721e-02
-3.285511647419816494e-01,-8.841463948354404134e-02
-3.134592609365774440e-01,-8.487475495255598912e-02
-2.973023551511946860e-01,-8.083425198725026350e-02
-2.804772819154522367e-01,-7.635597637022488449e-02
-2.632836715131701144e-01,-7.147345042462334430e-02
-2.610629297717925734e-01,-4.073330020245950756e-02
-2.603065497177358134e-01,-5.959692086842889591e-02
-2.595208345992383037e-01,-5.981558402305408445e-02
-2.563586141599761836e-01,-5.864718247112281346e-02
-2.505992790740815268e-01,-5.622695486587044739e-02
-2.422822202801174496e-01,-5.263199134348117703e-02
-2.316781654767894327e-01,-4.796370065741245581e-02
-2.192734410631385356e-01,-4.227710912637300256e-02
-2.189500770045587352e-01,-1.059015683591840451e-01
-1.773742671415361183e-01,-2.220876539602110317e-02
-1.716043075144836061e-01,-2.861896989903081959e-02
-1.688199227294542581e-01,-3.252747925739601920e-02
-1.676758037901876219e-01,-3.486971470600123274e-02
-1.670286038513832949e-01,-3.612299072350383389e-02
-1.659990252440527725e-01,-3.653069435804374987e-02
-1.639816032791281408e-01,-3.615601135067644106e-02
-1.606325420523637137e-01,-3.495888260973684797e-02
-1.558530494510558806e-01,-3.287387092181463105e-02
-1.533020258155560755e-01,-3.299829377469802594e-02
-1.514248028749173858e-01,-3.032064723044262250e-02
-1.503195497607885955e-01,-2.706399238836670190e-02
-1.491799325969748458e-01,-2.326287729822949096e-02
-1.476918212161612842e-01,-1.911235848728974271e-02
-1.458301666790803031e-01,-1.486861025599930247e-02
-1.436869163690081830e-01,-1.092487799651266703e-02
-1.436860970432047024e-01,-4.442374925845223727e-02
-1.425179719224586861e-01,-4.425622778225307002e-02
-1.395292217470749940e-01,-4.334011653549613152e-02
-1.348534653838506792e-01,-4.175086307153933612e-02
-1.296609008764414150e-01,-3.642894224253265516e-03
-1.294498248707037225e-01,-3.618533919007526495e-03
-1.289086993338005027e-01,-3.412453313319531098e-03
-1.280433042041802250e-01,-3.057113357301029666e-03
-1.268741802095594284e-01,-2.582073125877050370e-03
-1.254335071375041744e-01,-2.014826108100061831e-03
-1.237624855450226574e-01,-1.382873624529591412e-03
-1.219091680208869016e-01,-7.054041074692047296e-04
-1.199263696562575254e-01,-1.245110592762721784e-05
-1.178702808500835530e-01,6.492399364758669276e-04
-1.157981603296030920e-01,1.243739620860290912e-03
-1.137645550643323900e-01,1.744144248197313819e-03
-1.118183986700090338e-01,2.127636358007797910e-03
-1.100008541583355620e-01,2.390782427276579285e-03
-1.083433964590735793e-01,2.524459265769770071e-03
-1.068674195212868244e-01,2.506308482449643230e-03
-1.055833253891334533e-01,2.340013992129205342e-03
-1.044885298145115660e-01,2.050186898465401752e-03
-1.035677189428563655e-01,1.669068943405365660e-03
-1.027949145184733210e-01,1.242930301529439601e-03
-1.021362728646706269e-01,7.975270071162797025e-04
-1.015541404084425031e-01,3.231107836574755423e-04
-1.010093791435543731e-01,-1.831815749868183915e-04
-1.004607317344144712e-01,-7.113388010233403754e-04
-9.986476015671566508e-02,-1.253087018011844137e-03
-9.917676570053758633e-02,-1.786548069014793445e-03
-9.835159239083547666e-02,-2.296037923094086750e-03
-9.734564383346844263e-02,-2.782412423928267223e-03
-9.611823476904916841e-02,-3.220330239476836779e-03
-9.463144162750737609e-02,-3.559508126872926084e-03
-9.285211699446073441e-02,-3.750750967650914869e-03
-9.075586051100006935e-02,-3.748600545785572922e-03
-8.833099007812121595e-02,-3.536365290630143297e-03
-8.558238672467824437e-02,-3.139892635933107419e-03
-8.253275416639316298e-02,-2.593630328672724868e-03
-7.922014334257632129e-02,-1.932678727502320929e-03
-7.569475790296649464e-02,-1.206858054819914122e-03
-7.201564783103293899e-02,-4.654273993001524870e-04
-6.824634202906325331e-02,2.366652707871501880e-04
-6.445086785136566743e-02,8.344096506968903988e-04
-6.068926837878486913e-02,1.291881965112502651e-03
-5.701216855416432056e-02,1.607557789127004970e-03
-5.345789709220041125e-02,1.789688523126605618e-03
-5.005249230747817191e-02,1.856003588640642039e-03
-4.681055436280927295e-02,1.821719571797280821e-03
-4.373696950138630107e-02,1.682196302669321849e-03
-4.082814798651490662e-02,1.440871972326229549e-03
-3.807127473512873783e-02,1.123330859459666271e-03
-3.544422555531637209e-02,7.454935155642315649e-04
-3.291745484546959588e-02,3.137860222901804781e-04
-3.045524787096614769e-02,-1.579441631031706494e-04
-2.801642087470383735e-02,-6.558713602477989676e-04
-2.555576987574759498e-02,-1.151161466520033046e-03
-2.302554806818223054e-02,-1.584500399713909729e-03
-2.037831397335269912e-02,-1.905102923848309799e-03
0.000000000000000000e+00,0.000000000000000000e+00
4.335995448925340084e-03,-1.665632192699040759e-03
5.560988361155719262e-03,-1.817548234630606170e-03
7.062257066693220127e-03,-1.840752222787194912e-03
8.818408554492633902e-03,-1.732056127376208586e-03
1.079676819546503304e-02,-1.485234323400983283e-03
1.294679059307801000e-02,-1.106103447594202795e-03
1.520295491973525960e-02,-6.269321074761220443e-04
1.749168987098393552e-02,-9.738121403106073234e-05
1.974117976358035279e-02,4.224676952100782455e-04
2.189153915091048008e-02,8.727810291907653556e-04
2.389973246335127394e-02,1.223547143445470739e-03
2.573999399419252612e-02,1.471084173597406088e-03
2.740444492981206764e-02,1.606677277620145120e-03
2.890216558527994306e-02,1.628010369926342861e-03
3.025594098794712888e-02,1.549706225421714368e-03
3.149842745187787091e-02,1.391512145355088773e-03
3.266507933743860448e-02,1.192163925507353905e-03
3.378615259455911013e-02,9.970436946550652151e-04
3.488473764260551641e-02,8.147993591780997545e-04
3.597867180936509257e-02,6.305999678080686285e-04
3.708154017055308865e-02,4.394478484186434817e-04
3.820425995515677742e-02,2.372251872690329152e-04
3.935572209451766029e-02,2.927974395533494700e-05
4.054152116711410431e-02,-1.634189612557535975e-04
4.176604915172541649e-02,-3.399779560112538182e-04
4.303585586601572227e-02,-5.085681708814645098e-04
4.435860404858149586e-02,-6.526229266406567307e-04
4.574030033716318389e-02,-7.489936507974251628e-04
4.718281005465725653e-02,-7.787107214796845384e-04
4.868097269782227510e-02,-7.245001608714783485e-04
5.022295893418986246e-02,-5.969125129705008274e-04
5.179355273835090784e-02,-4.298992388954786742e-04
5.337512316203631840e-02,-2.454056837728408377e-04
5.494782486716871805e-02,-6.018091592469228832e-05
5.649129780777263632e-02,1.076844278857657267e-04
5.798596733094868449e-02,2.501539911022778047e-04
5.941528947781927333e-02,3.525623802940790002e-04
6.076882736586622369e-02,3.971386308422296960e-04
6.204256982524480185e-02,3.882480506293766679e-04
6.323757898715047510e-02,3.421600546544700133e-04
6.435940120646987950e-02,2.749965961922686301e-04
6.541735115441935089e-02,2.047635869873398154e-04
6.642434139267872073e-02,1.352359205631108630e-04
6.739763465893323924e-02,5.682570269096258583e-05
6.835799587522689569e-02,-2.871781689951938635e-05
6.932758415687426123e-02,-1.132436845916174304e-04
7.032801300227688179e-02,-1.894465302062174064e-04
7.137784665110268045e-02,-2.440661059150268345e-04
7.249031903655837883e-02,-2.711056548476707727e-04
7.367179321899171296e-02,-2.712532055799874407e-04
7.491992702606849186e-02,-2.347662167043096837e-04
7.622221444135510171e-02,-1.499402523196839091e-04
7.755579986787716762e-02,-1.280750908780401830e-05
7.888865948338136258e-02,1.742106717341174139e-04
8.018311819107890037e-02,3.911040499683082739e-04
8.140135701953372938e-02,6.023740476720110086e-04
8.251089874518911793e-02,7.777119479142075714e-04
8.348944451907783226e-02,8.924974688507988051e-04
8.432802888345349024e-02,9.283926821600076238e-04
8.503189292007819200e-02,8.802328672941322346e-04
8.562088715508520131e-02,7.444726862119373538e-04
8.612858786013834200e-02,5.235754492062510545e-04
8.659824521027717492e-02,2.426886807628546349e-04
8.707682740683501954e-02,-5.916743965640001578e-05
8.760799709314755213e-02,-3.389460472473144223e-04
8.822510771350582093e-02,-5.540621188839624841e-04
8.894786185262511247e-02,-6.831699385199949733e-04
8.978232768201578617e-02,-7.258926543323129506e-04
9.072074777059024875e-02,-6.794269277242822799e-04
9.174245536607461560e-02,-5.467463130014330128e-04
9.281697241948212718e-02,-3.460433643650709726e-04
9.390784967572321507e-02,-1.009884462584787000e-04
9.497867686272898347e-02,1.522409464410863023e-04
9.599972302704559701e-02,3.731251189134927979e-04
9.695019379387335989e-02,5.470085487626504244e-04
9.781739546650325412e-02,6.774847540034460583e-04
9.859635758816448492e-02,7.636488541313288334e-04
9.928863940534903010e-02,8.079218820643380931e-04
9.990091140267658154e-02,8.134161800029580339e-04
1.004442569776572980e-01,7.781984631873841915e-04
1.009309851488492671e-01,7.153153426378140679e-04
1.013706031399890101e-01,6.439878045086292564e-04
1.017694643593270165e-01,5.633160816009708926e-04
1.021323096412879994e-01,4.636429218190510002e-04
1.024635952833770070e-01,3.392368114102694079e-04
1.027694083212920551e-01,1.844414341648005246e-04
1.030579782080174450e-01,6.997967975541316034e-06
1.033386032876354860e-01,-1.720787669423355279e-04
1.036225238452268688e-01,-3.422870588981366232e-04
1.039243116285800822e-01,-4.971956505724080917e-04
1.042609942062146383e-01,-6.217854454718487779e-04
1.046503981805775862e-01,-7.022272921758438867e-04
1.051089007744706039e-01,-7.233854586126037311e-04
1.056482936693117491e-01,-6.694828441560025847e-04
1.062740496368019399e-01,-5.413274766265401862e-04
1.069847208931703625e-01,-3.518324816458090129e-04
1.077703298925789255e-01,-1.113617789402767885e-04
1.086109237958033380e-01,1.685365264660868174e-04
1.094764199959811501e-01,4.773559136093392767e-04
1.103271439188048125e-01,8.084244398753488974e-04
1.111158780781928562e-01,1.145321584434862844e-03
1.117916842624249313e-01,1.463737304913266188e-03
1.123044157431203199e-01,1.740917610564117089e-03
1.126099615435102452e-01,1.951948782239803105e-03
1.126760996010470750e-01,2.074075713323553314e-03
1.134936005759603767e-01,-4.339533351049758292e-04
1.151652319150196363e-01,-4.433162574231160058e-03
1.165557555495583125e-01,-6.488823842780246098e-03
1.178558490944981302e-01,-5.951560659964313937e-03
1.194886092061112071e-01,-2.970799165373381318e-03
1.219027287801468795e-01,1.738896019594975140e-03
1.253492279302587387e-01,7.423032247067242947e-03
1.297690679270391556e-01,1.349249922166237056e-02
1.348169457061089704e-01,1.946853576269051700e-02
1.399717480772279254e-01,2.496340750043131787e-02
1.446765388022124565e-01,2.966213192982604732e-02
1.484694850993492354e-01,3.329091938408031831e-02
1.510768356204963414e-01,3.571331433046252141e-02
1.524711262669347922e-01,3.692939824654205977e-02
1.529205620048179060e-01,3.688925057819152781e-02
1.530318314615198017e-01,3.554938259737041445e-02
1.537947551722661232e-01,3.296700281874630212e-02
1.566616176268635918e-01,2.908913650661681949e-02
1.591475104761522763e-01,4.021457393783796352e-02
1.612584460316814627e-01,3.923001533086357961e-02
1.629987019807634108e-01,3.713531035938355540e-02
1.648349071003371025e-01,3.416385058444902645e-02
1.671163214380535222e-01,3.063263928192729371e-02
1.700243981957124950e-01,2.687279229976926795e-02
1.735652136244930088e-01,2.320874881921269547e-02
1.775961944736908771e-01,2.006643236997495555e-02
1.818858954333136269e-01,1.783665257879063493e-02
1.861883566211123830e-01,1.664617473446656365e-02
1.903031929932789967e-01,1.637594904299269002e-02
1.941062990552513967e-01,1.662840624781937449e-02
1.975504511098585825e-01,1.687135914383104326e-02
2.006547982529048035e-01,1.695802934734292472e-02
2.035031910151852974e-01,1.710331673263048441e-02
2.057286101637304521e-01,6.720232309588039521e-02
2.124646619413122495e-01,7.032931053808819111e-02
2.129810427901392966e-01,7.071689792713645173e-02
2.146193345724927981e-01,6.058720588519873884e-02
2.269237688765833871e-01,6.534852355174103344e-02
2.353244006111888387e-01,6.820630809555922047e-02
2.397930896333649864e-01,6.902904093064285429e-02
2.406117609531662482e-01,6.795312395549520101e-02
2.445329212187522527e-01,6.594543397185273492e-02
2.609820328584362970e-01,7.403813405903540701e-02
2.700217860674899994e-01,7.984343515060414453e-02
2.715395176504217245e-01,8.278762726462900179e-02
2.799959150866294100e-01,6.249151104614486529e-02
2.852348500617829519e-01,3.811044196598987327e-02
3.032146958602722764e-01,4.455295018223026648e-02
3.196918914907906362e-01,5.044124651806376064e-02
3.348011792229673156e-01,5.556319151132474432e-02
3.488853044244297763e-01,5.980296271939215119e-02
3.623977661770159120e-01,6.321900684091458222e-02
3.757756768471693931e-01,6.603108027044048145e-02
3.892990522045206014e-01,6.840856670512666937e-02
4.029709197289280675e-01,7.045092554670259744e-02
4.164757013093012272e-01,7.218059292348191769e-02
4.292081238139378030e-01,7.348669697248308430e-02
4.403180665238550784e-01,7.428893513127453330e-02
4.487938210028512565e-01,7.449757035844839503e-02
4.536056533106845867e-01,7.383557498557069554e-02
4.538799544766589089e-01,7.194442915586900245e-02
4.561144839506913740e-01,3.334056972491711290e-02
4.658527417813586591e-01,3.632118114356831101e-02
4.718077111349456287e-01,3.802863272889195345e-02
4.737946680162466451e-01,3.849106897175409020e-02
4.759366398054394320e-01,6.270379917965846969e-03
4.869164989753274608e-01,1.065911339883317092e-02
4.976190497015322567e-01,1.473079724646698604e-02
5.078542163185408853e-01,1.849698408199455107e-02
5.173541729416906154e-01,2.204979516094473374e-02
5.257842700594360652e-01,2.514481059219565717e-02
5.328029146322909027e-01,2.738169783030116114e-02
5.381165293793768178e-01,2.849795030823457434e-02
5.415457552851526968e-01,2.830835626305312422e-02
5.430741545620014765e-01,2.688016215072886600e-02
5.528859870353055594e-01,5.525681994193981650e-03
5.685847117101312520e-01,8.080282350615641818e-03
5.909184390704194101e-01,1.349806313603671426e-02
6.203966491289772955e-01,2.194285978364148015e-02
6.570148922812486525e-01,3.336621502435153930e-02
7.001087571004799281e-01,4.759988371870778334e-02
7.482749694283705733e-01,6.420783839451105202e-02
7.994155354068082087e-01,8.249995614157697166e-02
8.509142402845487618e-01,1.015423734927819038e-01
8.999101461691755288e-01,1.201316942757659767e-01
9.436290750674477534e-01,1.370553488434196332e-01
9.797091281447641853e-01,1.511995968152154979e-01
1.006423821011904529e+00,1.616009204102023256e-01
1.022798267669849936e+00,1.675787766477060403e-01
1.028688108502750165e+00,1.685914870726279158e-01
1.122936503077264225e+00,2.890273775999461781e-01
1.243824783057176475e+00,3.406957937843754225e-01
1.344433854428723540e+00,3.847874454204763817e-01
1.421105144767398576e+00,4.190751346021271972e-01
1.470998946454975975e+00,4.418116056101580869e-01
1.492270328944939717e+00,4.519358575741944106e-01
1.550665654810037042e+00,1.680574643110904764e-01
1.653865774528543442e+00,2.047688996532041616e-01
1.747122740607611746e+00,2.393285678703964137e-01
1.827780118194620496e+00,2.702293953983901376e-01
1.893785506730379709e+00,2.961095049358432041e-01
1.943706754041176543e+00,3.160412215451279261e-01
1.976639058555480943e+00,3.296729128329038971e-01
1.992199210025885625e+00,3.363724386169941738e-01
2.099886713964564500e+00,2.537874566391590259e-01
2.199068691469773906e+00,2.956103386439773995e-01
2.286017933859003648e+00,3.321476330601471627e-01
2.359297229479619062e+00,3.631593939092952472e-01
2.417508080553804728e+00,3.883409872768500137e-01
2.458839649157942731e+00,4.072790149426512851e-01
2.480954342110211819e+00,4.192686482404079928e-01
2.481179833708704319e+00,4.232414506209721816e-01
2.563694430319202855e+00,7.863680650259740057e-01
2.756882203140029741e+00,8.632706487638651671e-01
2.876134715803627007e+00,9.144420491959064368e-01
2.914050909445431436e+00,9.374652617661594078e-01
2.935847948650394557e+00,7.337485276544699619e-01
3.164202060962712615e+00,8.097973418859623074e-01
3.355216735712416298e+00,8.734482408050070479e-01
3.504779302953494824e+00,9.232050484342850805e-01
3.608429959173486967e+00,9.582761780272108787e-01
3.661491018650518736e+00,9.763179311130517624e-01
4.060424456792168790e+00,5.277795632146164984e-01
4.638283535901429389e+00,6.658507598540800432e-01
5.263560584290896571e+00,7.868589707637039243e-01
5.909449438674235999e+00,8.959636554366318117e-01
6.555537981749534282e+00,9.950762133060566672e-01
7.183479110919239297e+00,1.084475202085338319e+00
7.775323802344548341e+00,1.163468936741378634e+00
8.313050085821348745e+00,1.230830630712670404e+00
8.779083409658072767e+00,1.283921755434521472e+00
9.157416413839829517e+00,1.319253085567172024e+00
9.434806756179826337e+00,1.334188699552543378e+00
9.601906055395653894e+00,1.326878732685001783e+00
9.653992702921785352e+00,1.296319328995897635e+00
